0;4366.623841;4242.454035;4051.756306;1550.812153;2276.903297;3026.676282;2100.895689;3292.325481;2866.238497;8158.214282;7328.932345;13918.05625;37708.16003;15162.75334;15827.46927;16937.54542;16090.33022;14905.64417;13670.92495;14066.21793;12784.2771;11719.31239;11635.58845;11000.54248;11474.04261;15094.73337;15513.19089;12474.58421;14676.90046;15273.16643;14321.04698;12169.46494;13462.46126;6331.112396;7501.131313;19077.5094;19279.16998;18263.80754;17342.13469;15077.04406;15993.81124;11037.23212;7043.954519;6122.03916;7902.408494;7330.329411;11591.82376;11512.49095;9681.141957;9305.506965;9393.673232;9211.170215;9490.969203;9918.303456;8077.360212;17019.57689;15734.371;13721.64774;13783.8446;13862.55198;15484.36772;14344.94555;10306.07044;1068.698048;50202.1921;51503.31747;30677.77738;31582.76678;32136.15226;18921.36884;18705.46711;16308.24389;15574.87507;1765.439893;5640.601524;11223.93609;4386.081045;5829.876531;5095.71432;6922.633835;7200.300095;15139.49308;8578.800582;8928.486972;7660.720567;7312.952561;4440.756953;4305.126424;4834.684335;4512.498228;18453.26686;19121.83585;19100.03832;19939.85382;19963.18314;19649.20378;18999.16713;19200.97298;17815.96202;19170.76402;18111.03874;17446.93285;13528.17827;6413.377003;7607.895952;2497.533149;1796.031004;1223.61306;973.5318059;1208.662792;3416.054095;621.052025;622.9828307;18701.39644;18449.16068;18449.16068;17901.0781;17564.48481;17646.7526;17307.62778;17025.30081;16789.72615;16546.30306;16273.83472;14141.52588;13655.79601;13005.35897;12159.09133;12159.09133;1020.478931;25806.52304;25806.52304;13423.83902;12584.12406;11259.76012;11178.71389;10951.88577;10876.81979;10305.63423;10168.34866;11183.15037;8688.818567;9884.051785;18571.17555;20068.49705;18319.27173;14821.6574;12586.43771;7583.636432;468.0444596;7278.21034;5432.939035;2306.837254;3380.587979;10894.21905;3307.14346;13622.29109;9713.025263;8627.045978;8442.922549;6192.752856;8254.969198;7855.483127;7618.550882;7660.720567;6002.648123;7312.952561;5362.477832;6133.428166;2163.679112;13604.95525;11183.15037;10531.88256;10255.26043;9108.430951;49946.831;34155.62027;32098.2066;21374.62816;20384.2868;18777.44801;15586.31471;10125.31596;9715.792238;7816.357672;7949.889379;8659.034765;9230.243913;32894.50468;10231.87634;468.0444596;14673.36041;7397.209038;6744.37375;7451.590139;12918.78963;10660.36493;14374.68166;10641.84533;11818.9539;9766.451918;9780.592201;19034.15978;18726.37284;14403.83795;14747.30733
4366.623841;0;219.2841595;320.8239387;2819.361613;2857.649972;3488.963283;5467.894068;5481.551661;5182.158112;9571.396886;5444.593158;11242.38089;40603.33257;16515.08346;17276.67441;18251.49476;17630.99307;16583.43405;15524.92076;16089.10499;14581.77526;13531.52491;13444.89654;12955.35672;8090.755144;11751.99025;11938.50932;9388.654543;11288.40313;12495.43325;11417.22086;9896.615032;17273.13028;6578.999093;8277.463566;21971.65089;22686.24063;21747.8015;20788.89878;18756.95829;19421.27277;14383.15932;10399.70507;9751.717019;11150.87441;10278.11648;9985.357919;10252.43051;9248.562973;8919.042942;9700.581369;9600.159183;9969.201544;10523.91591;8835.675601;18766.66483;17713.75061;16183.76176;16204.13338;16299.052;17998.71294;16766.08758;12415.83092;3381.345912;53105.80091;54489.5915;33480.33256;34304.93578;34889.30639;22090.09849;21152.33755;19514.81096;18925.57276;4870.166753;8878.438854;14157.22491;417.8177841;3964.452101;1400.417206;2685.838986;3535.456691;12344.81891;5717.061403;6029.484851;4868.249091;10392.08686;3890.649567;3941.408125;5535.294956;5988.56553;20058.31326;21332.86697;21320.37439;22188.93305;22216.11768;21954.20062;21519.5293;21727.77359;20108.84426;21710.26162;20619.87636;20088.12629;16118.24916;5256.418269;6297.996295;2525.647555;3739.704642;3523.862236;3434.205008;4521.586522;7597.049896;3753.465126;4893.978246;21715.02924;21323.97294;21323.97294;20875.49334;20643.73604;20740.76391;20411.40805;20128.87476;19896.19543;19632.20459;19127.08393;17145.88191;16485.05929;16199.7664;15096.57986;15096.57986;5380.208487;24490.04175;24490.04175;14226.5164;13730.73325;12163.23899;11994.70682;11813.27406;11677.78352;11286.92217;11368.82416;12412.25776;4757.135476;11241.96289;20153.38178;21971.82619;20640.16756;17566.19101;15408.3651;6473.010266;4566.754408;6595.597884;6603.675543;4312.442888;4963.820656;10272.16564;1809.973568;11768.79718;9563.367859;8847.347912;9228.621038;5075.779133;5194.824917;4329.338479;4748.812957;4868.249091;3957.423735;10392.08686;5024.205963;6669.772543;5558.255508;13973.99198;12412.25776;9893.954156;11446.36327;10943.52342;52862.90766;37086.10419;34894.11975;24666.68941;23662.94312;22049.1562;18817.97733;13313.24424;7671.331436;6421.649632;6869.026169;8107.564058;8520.945584;35646.55904;13213.65133;4566.754408;18364.46486;4310.472396;3114.472885;4218.52801;15080.8656;7503.756607;11422.06402;8147.512326;10790.29429;9251.38471;11330.5882;21019.61637;20731.95513;16840.62069;17051.16077
4242.454035;219.2841595;0;302.4358028;2702.956019;2836.406808;3525.717619;5416.830376;5490.637939;5178.725205;9657.284841;5636.218606;11460.38806;40643.62484;16622.16309;17380.48393;18362.54833;17731.1099;16675.74022;15607.12517;16163.90312;14664.993;13611.81638;13525.12851;13027.30086;8308.81101;11969.26379;12151.72559;9607.930708;11505.23033;12714.30719;11636.40555;10108.96555;17235.59458;6696.229311;8384.791561;22004.6981;22685.16123;21740.36542;20783.65417;18731.86822;19416.44256;14378.43319;10385.2495;9716.425907;11145.67071;10288.35747;10183.90927;10442.29323;9409.033063;9076.580342;9834.724278;9730.587743;10097.49148;10649.05325;8947.01686;18858.52016;17793.03311;16235.72602;16258.40661;16352.5876;18050.24596;16821.13696;12478.60127;3239.138348;53147.52694;54526.09786;33524.58996;34354.33188;34937.00628;22105.48942;21210.81439;19525.65804;18925.88996;4819.789173;8865.323102;14178.66817;271.4667549;4141.678043;1615.640849;2874.844908;3753.835213;12563.74589;5933.301161;6246.602082;5081.564917;10394.95227;4001.834374;4043.981197;5618.702287;6041.464819;20158.19735;21404.15544;21391.16513;22258.93023;22285.93286;22021.04207;21574.22937;21782.28186;20174.69877;21764.04098;20674.44589;20134.69891;16163.01595;5065.206017;6475.425268;2328.534556;3552.052513;3362.320572;3298.064444;4352.890828;7508.354467;3634.453589;4756.611099;21740.35755;21357.71641;21357.71641;20902.6691;20663.99371;20760.13394;20429.871;20147.11614;19914.04797;19651.1695;19160.18757;17167.46336;16516.50077;16207.89459;15119.40946;15119.40946;5250.899806;24692.1185;24692.1185;14353.16773;13841.91471;12281.04874;12115.72503;11931.88467;11798.53368;11398.84296;11471.44284;12516.6788;4965.273698;11337.10665;20254.41286;22059.22786;20705.02929;17604.05291;15438.64402;6644.416503;4425.646021;6751.7085;6679.07069;4299.406932;4992.234224;10442.40989;1853.739351;11975.24842;9714.640115;8981.213536;9340.794445;5235.502225;5412.737809;4548.229008;4963.240879;5081.564917;4142.004565;10394.95227;5148.655378;6775.081423;5376.093359;14117.24985;12516.6788;10063.66994;11549.64563;11015.23554;52903.80268;37123.34375;34939.2119;24675.05761;23671.71941;22057.43592;18826.4901;13317.13991;7875.844331;6602.739148;7041.734713;8267.600104;8688.42682;35694.54185;13230.25641;4425.646021;18338.14175;4214.234682;3333.599693;4436.938324;15146.90142;7723.040693;11641.32906;8361.582103;10974.57355;9414.798327;11417.20459;21102.14337;20813.2155;16894.92366;17112.90119
4051.756306;320.8239387;302.4358028;0;2502.925905;2553.095392;3224.355919;5152.721322;5195.796246;4888.278048;9357.612544;5428.247817;11349.78662;40342.48641;16328.2753;17085.39495;18070.16553;17434.79862;16377.27247;15306.5881;15862.32705;14364.64736;13311.0076;13224.31229;12725.46915;8261.442653;11929.17354;12141.55308;9531.331731;11469.53806;12616.55362;11547.85431;9959.710079;16963.18086;6407.754972;8091.578582;21704.59971;22394.64692;21452.41697;20494.77702;18452.33969;19127.37579;14089.2192;10100.13581;9442.399442;10856.53486;9993.592602;9988.582779;10227.83852;9152.428107;8816.994186;9555.37621;9448.840718;9814.368906;10364.01235;8655.370139;18559.90017;17492.01159;15933.46777;15956.05317;16050.26099;17748.01646;16518.76085;12176.2213;3075.651796;52846.22269;54225.51748;33222.97441;34052.26889;34635.07323;21809.44624;20908.38217;19230.94087;18634.79322;4555.08666;8579.490094;13880.90415;571.5956291;3910.55389;1506.238654;2959.148333;3708.166625;12467.19957;5809.953316;6130.074185;4941.370969;10102.6744;3711.73901;3750.226782;5318.902936;5739.083314;19861.76098;21102.20398;21089.17333;21956.8746;21983.86391;21718.79119;21271.87277;21479.932;19872.4053;21461.71776;20372.09215;19832.82341;15861.28241;5286.727285;6241.766946;2289.539487;3480.687705;3232.501994;3125.082743;4235.962387;7276.234965;3437.199634;4584.467061;21441.78947;21057.49372;21057.49372;20603.6929;20366.62456;20462.9939;20132.96547;19850.26634;19617.29958;19354.12263;18860.05659;16869.71964;16216.63684;15913.99365;14821.33062;14821.33062;5066.89194;24503.82994;24503.82994;14068.63715;13549.77211;11991.99602;11828.29466;11643.25337;11510.99416;11107.17964;11176.20281;12222.00246;4984.552001;11039.56663;19958.33424;21759.5723;20402.69391;17303.15719;15138.9816;6402.136847;4259.404847;6491.60425;6377.824213;4012.826225;4692.431858;10197.01738;1551.379411;11801.97272;9448.82195;8701.845112;9049.454437;4980.287578;5305.315449;4491.548365;4829.403284;4941.370969;3922.936551;10102.6744;4864.725759;6481.371621;5288.197901;13843.96644;12222.00246;9817.704439;11254.62889;10713.4131;52602.60156;36822.62577;34637.51424;24381.19002;23377.70938;21763.57191;18532.50861;13024.61095;7698.1014;6374.669547;6800.953636;8010.901996;8440.113244;35392.58695;12933.72714;4259.404847;18059.27017;4513.444169;3273.972986;4337.663176;14844.63404;7645.295066;11557.65093;8222.112049;10749.79286;9161.445881;11117.60102;20801.59268;20512.46215;16592.57092;16810.48684
1550.812153;2819.361613;2702.956019;2502.925905;0;1288.168174;2338.155787;2960.175302;3569.241472;3160.006257;8349.549984;6317.302292;12799.67558;38639.61165;15434.71645;16141.77545;17207.98433;16441.70801;15301.3476;14125.53724;14591.30644;13207.98017;12136.99446;12051.08246;11466.79581;10139.38137;13792.51019;14148.88394;11227.43462;13360.13148;14134.22453;13139.0577;11153.35829;14736.49799;5986.574196;7415.993867;19978.73271;20392.0143;19406.82203;18467.30679;16296.99029;17107.20337;12094.23912;8068.993188;7269.120217;8887.983941;8168.463875;10773.37467;10804.3894;9215.177822;8846.072982;9186.955665;9030.406211;9350.603665;9835.64219;8004.959251;17456.75596;16254.28149;14421.49336;14467.05133;14552.93475;16216.57508;15032.39023;10826.5115;704.4261951;51144.73467;52478.3058;31565.76626;32440.53218;33006.68325;19934.4583;19425.71911;17329.28474;16654.30751;2402.05919;6583.911633;12102.12536;2861.996766;4741.680916;3588.97552;5380.982942;5751.999589;13994.71081;7339.24818;7686.475001;6415.754173;8211.595394;3625.622124;3539.246593;4561.974673;4554.707122;18843.79197;19750.58994;19732.35686;20586.7917;20611.72164;20317.00814;19749.81015;19954.92831;18471.2654;19929.66878;18853.59174;18239.90248;14279.22189;5732.877317;6782.511847;1462.929401;1715.027155;1070.759889;692.1409917;2009.959174;4836.935225;934.2754161;2108.669434;19650.16884;19340.51875;19340.51875;18831.27228;18536.70652;18625.3331;18289.16238;18005.8173;17770.64443;17517.8226;17148.18367;15068.70999;14506.93859;14007.42433;13046.15014;13046.15014;2569.569451;25181.6005;25181.6005;13470.41375;12751.22462;11315.17008;11199.50148;10986.15425;10886.78518;10374.3504;10319.82729;11362.91942;7205.911516;10092.35934;18953.57808;20581.37604;18987.93097;15644.30243;13427.5417;6821.26598;1803.675841;6645.386436;5408.03515;2302.234665;3346.377913;10388.97081;1911.119836;12751.95135;9347.833406;8367.227269;8392.301507;5355.714315;6958.970489;6445.912145;6353.315005;6415.754173;4876.948521;8211.595394;4728.817102;5889.901142;3155.626406;13493.0007;11362.91942;10013.9746;10404.6657;9495.245805;50894.05372;35097.63901;32985.37207;22443.97218;21446.1388;19832.77776;16615.38938;11105.72578;8728.160822;6972.409022;7211.641709;8123.427178;8657.082926;33765.51211;11122.42213;1803.675841;15897.22591;6180.098574;5293.856076;6097.239896;13490.06651;9376.933001;13178.97015;9539.809365;11192.26153;9273.853522;10063.81607;19574.37802;19273.01801;15098.02975;15389.97868
2276.903297;2857.649972;2836.406808;2553.095392;1288.168174;0;1065.799614;2652.434113;2696.113814;2355.173196;7245.886557;5119.264716;11672.42111;37898.95186;14324.33958;15048.27909;16091.98133;15364.71124;14250.11029;13110.38632;13613.78053;12180.79791;11112.9201;11026.39218;10474.38065;9205.179342;12818.92397;13250.40182;10198.51402;12402.86199;13021.22428;12056.14622;9967.984995;14418.64257;4726.301535;6213.109886;19242.99185;19854.30416;18905.40091;17949.87068;15899.67838;16582.99723;11545.55296;7548.862392;6896.9011;8313.066259;7478.214181;9517.846013;9528.028391;7929.550796;7561.195323;7939.406447;7789.636067;8118.715005;8617.578015;6801.145213;16419.68955;15266.66607;13556.43064;13590.27242;13680.59588;15365.13332;14155.474;9871.374526;1896.936852;50405.73648;51766.96999;30796.19111;31645.82355;32221.41441;19298.14801;18553.97584;16710.66871;16096.71397;2060.427808;6029.173686;11389.88746;3075.19604;3579.339487;3090.678529;5011.991106;5025.155639;12885.56353;6302.206128;6651.881467;5383.821839;7571.715078;2346.599384;2253.638578;3339.605759;3465.719131;17779.33819;18817.31829;18801.39089;19662.88579;19688.78;19407.34193;18898.48064;19105.35835;17558.84053;19083.72879;17999.31946;17424.54749;13451.44327;6822.489173;5520.82826;2600.441241;2997.362388;2316.217267;1824.382537;3137.770474;4932.477924;1749.913326;2899.664131;18956.22452;18598.69153;18598.69153;18124.03781;17867.67679;17961.72773;17629.56084;17346.43193;17112.6057;16852.32535;16400.83182;14376.32748;13754.46058;13389.50376;12333.30562;12333.30562;3210.205379;23900.57624;23900.57624;12279.15895;11606.53195;10134.73056;10007.70301;9799.864943;9692.755443;9203.419839;9181.500472;10230.03108;6552.24519;8979.986226;17884.88288;19577.14216;18082.63367;14862.87738;12674.2094;5547.169241;2687.405022;5358.03317;4258.83682;1465.514528;2296.065799;9101.15947;1221.679867;11512.6663;8071.559478;7111.350968;7192.629378;4091.444509;5981.464145;5634.317825;5342.238003;5383.821839;3740.820612;7571.715078;3440.714848;4654.936273;4271.082046;12255.97038;10230.03108;8725.989278;9264.933171;8476.736088;50159.18654;34369.24168;32213.46729;21855.05039;20852.47654;19237.72501;16007.86405;10493.61933;7525.803203;5715.83075;5934.678266;6835.556872;7369.032625;32979.80102;10430.4721;2687.405022;15506.95301;6848.486906;4577.809672;5197.640796;12546.20238;8384.055033;12106.67848;8398.990338;9907.592066;7986.834335;8986.463981;18588.09473;18291.25156;14225.40338;14481.36671
3026.676282;3488.963283;3525.717619;3224.355919;2338.155787;1065.799614;0;2609.857253;2056.113155;1847.948589;6256.690582;4321.609441;10927.95177;37118.17153;13317.23133;14050.36144;15080.35742;14376.34421;13278.93365;12164.49922;12692.35448;11228.72277;10165.43657;10078.71452;9550.858576;8713.739805;12256.53736;12769.23398;9586.492007;11861.12046;12290.38739;11367.11973;9149.219235;13998.67588;3660.504795;5165.474795;18482.85;19241.84785;18323.25425;17357.95238;15409.18436;15990.0892;10957.84681;7029.48066;6516.962051;7735.669919;6816.24916;8582.944009;8546.233475;6880.506236;6510.377525;6874.5085;6726.097139;7057.455761;7560.806556;5752.124622;15454.91922;14335.48964;12714.91045;12740.12505;12833.41766;14528.76537;13303.69206;8977.20174;2890.868124;49621.87008;51002.06584;29998.97671;30830.52299;31412.34341;18611.92863;17697.22674;16044.44409;15479.51134;2115.68373;5513.925364;10673.43028;3788.686252;2892.991658;3291.184861;5189.996279;4857.140958;12160.12217;5725.69196;6072.144056;4835.561886;6950.736357;1414.125139;1281.769609;2289.984634;2532.037653;16796.47577;17917.83697;17903.48892;18768.75506;18795.27283;18523.19637;18055.56942;18263.3798;16675.28312;18244.34561;17155.74853;16609.85244;12637.68476;7853.056999;4589.384302;3660.602529;4026.72855;3321.991273;2800.032864;4049.498845;5017.569327;2616.84582;3623.388809;18227.55324;17835.30574;17835.30574;17387.24394;17160.07694;17257.98566;16929.65587;16647.41496;16415.22595;16150.00321;15638.27036;13661.40855;12996.0961;12736.29746;11611.32275;11611.32275;3815.110369;22898.97549;22898.97549;11231.55523;10582.64617;9093.506519;8961.157515;8756.076205;8645.413461;8168.015148;8164.540824;9214.548529;6408.466992;7979.444017;16899.39795;18630.21495;17203.23289;14079.17168;11919.48359;4582.909878;3481.186254;4341.085889;3255.945641;1191.284067;1479.934845;8061.297799;1679.026057;10603.42567;7010.356792;6045.623473;6145.094659;3168.322594;5489.108537;5349.767194;4823.305813;4835.561886;3093.844653;6950.736357;2412.220635;3595.036876;5146.122883;11192.56277;9214.548529;7688.075997;8246.990811;7542.577138;49378.25625;33598.90127;31413.73302;21199.57553;20195.27903;18582.87735;15352.3574;9862.865148;6693.862514;4794.903243;4960.009621;5797.311776;6341.134326;32169.99352;9736.283019;3481.186254;15023.72531;7688.372847;4442.953265;4825.342784;11650.79306;7832.321984;11430.66194;7654.081047;8899.027205;6942.551411;8008.877734;17653.65173;17360.0688;13376.53813;13606.12089
2100.895689;5467.894068;5416.830376;5152.721322;2960.175302;2652.434113;2609.857253;0;1506.514057;1191.609956;6161.321974;6638.671097;13195.47531;35723.55355;13099.81424;13752.53148;14872.22574;14007.10941;12815.7484;11574.37987;11965.42055;10692.26168;9629.574127;9546.337192;8904.982627;11255.35837;14731.869;15302.20527;12031.54297;14354.89351;14567.92275;13711.48979;11305.14368;11828.48565;4826.257006;5697.408094;17071.24697;17431.83967;16448.16994;15507.50731;13358.16592;14147.1005;9135.670709;5110.89657;4325.265962;5938.204587;5277.505911;10447.57438;10227.03289;8163.924871;7791.735281;7640.794624;7440.837651;7683.350573;8061.348569;6247.910759;14923.07926;13633.53677;11637.25452;11696.17354;11776.32821;13409.00858;12258.4957;8206.42192;2909.355934;48225.286;49546.72848;28668.45519;29559.06921;30118.53424;16986.78225;16628.94773;14378.7949;13695.05957;597.7413669;3638.999296;9198.76368;5631.355903;5392.782257;5708.256024;7636.593241;7455.974313;14446.91738;8238.01462;8577.825288;7377.412996;5289.870244;3776.174682;3597.208778;3391.297149;2772.418399;16361.71553;17028.06975;17006.74199;17848.9574;17872.54569;17561.73785;16931.08517;17133.97705;15725.63109;17105.25272;16040.15446;15391.71223;11456.35208;8459.568992;6616.523086;4326.99524;3877.400942;3224.715113;2778.752797;3262.878651;2409.002865;2311.263621;2329.537367;16722.44599;16437.36763;16437.36763;15910.4513;15600.16695;15686.79169;15349.53891;15066.36814;14830.95136;14580.97928;14252.07476;12146.50277;11620.82377;11059.54369;10139.73746;10139.73746;2117.887886;24304.48067;24304.48067;11457.03119;10565.13382;9302.151947;9241.189407;9008.631343;8948.400124;8349.046686;8170.487479;9165.777257;9006.827062;7862.813887;16480.74346;17967.60655;16231.44141;12775.68166;10545.81151;6505.95766;2463.777399;6048.770472;3674.130364;1418.586942;1945.363348;9390.061552;3862.091023;12511.27756;8094.322379;6938.318425;6589.069747;5322.05788;8051.765049;7959.523786;7380.453831;7377.412996;5613.767888;5289.870244;4298.399224;4536.108366;3972.125788;11730.27024;9165.777257;9048.93754;8257.699448;7031.432832;47972.7091;32176.73134;30088.75176;19486.5771;18489.54493;16876.79122;13662.93692;8160.734791;8872.996928;6839.802921;6820.06931;7249.156341;7843.664757;30877.25802;8211.449199;2463.777399;12960.41866;9140.271583;7032.779528;7428.272546;10818.35202;10340.94345;13791.39795;9961.614267;10430.22739;8275.075496;7731.134677;16933.52813;16625.89651;12318.78615;12653.67083
3292.325481;5481.551661;5490.637939;5195.796246;3569.241472;2696.113814;2056.113155;1506.514057;0;431.4071747;4883.183672;5390.761964;11849.09763;35203.30643;11934.92801;12622.55948;13710.96638;12907.79361;11751.80447;10562.01896;11022.0942;9649.291448;8578.297168;8492.744316;7899.70804;10154.4482;13526.99544;14166.36463;10810.8054;13171.74982;13221.25039;12406.03046;9918.980893;11950.17127;3323.654818;4243.584034;16546.87805;17208.21208;16279.62019;15316.89584;13353.07601;13948.93828;8912.9573;4973.416874;4499.368689;5685.622368;4797.815728;8984.350431;8736.997933;6657.437616;6285.222399;6171.11766;5977.228484;6236.566241;6642.585568;4809.244778;13898.73094;12685.38158;10884.8385;10924.12702;11012.37398;12688.87776;11489.70345;7257.602147;3795.900112;47710.18095;49070.909;28102.78848;28956.55018;29530.42675;16615.54545;15887.51228;14035.17237;13446.5923;1543.880533;3459.09764;8696.79058;5741.850377;4343.64115;5341.188833;7222.362428;6733.765827;13105.47547;7127.817008;7454.157561;6324.708217;4912.617959;2733.660595;2550.198397;1921.378687;1274.480173;15298.69697;16187.75025;16170.12485;17026.7821;17052.0158;16761.7819;16223.46222;16429.73017;14914.53706;16406.74857;15325.16772;14737.71247;10766.37267;9297.677467;5233.765947;5032.017874;4911.905189;4192.904255;3667.5633;4500.984233;3578.723637;3262.266611;3677.15556;16262.65465;15902.61515;15902.61515;15429.25507;15178.30486;15273.38946;14942.22573;14659.28978;14425.89034;14164.13187;13704.78682;11684.46824;11058.39843;10718.53864;9639.585222;9639.585222;3565.62242;22800.01722;22800.01722;10132.54864;9312.44907;7968.06141;7886.487264;7659.561721;7585.056941;7014.152728;6888.492622;7912.728502;8269.475377;6619.787348;15411.08651;17013.65839;15434.0156;12169.01951;9978.113561;5092.790104;3728.075592;4592.907461;2190.49065;1278.260227;686.9951366;7883.585202;3691.09727;11049.31948;6594.380299;5448.562232;5165.842971;4030.3322;7023.482631;7119.4412;6353.767813;6324.708217;4580.08517;4912.617959;2957.171185;3029.667008;5355.709348;10326.43562;7912.728502;7542.549227;6975.107202;5938.951628;47463.42878;31673.16212;29520.44632;19185.66734;18182.08398;16568.07262;13336.94058;7832.356489;7515.11792;5458.82289;5385.016427;5749.249728;6345.048417;30288.94187;7742.026282;3728.075592;12967.74546;9542.435248;6352.366775;6528.824524;9923.291273;9200.862816;12496.14235;8657.214936;8927.704423;6768.71069;6547.99754;16005.22077;15703.78;11557.61149;11833.52905
2866.238497;5182.158112;5178.725205;4888.278048;3160.006257;2355.173196;1847.948589;1191.609956;431.4071747;0;5314.552309;5514.634506;12034.95119;35562.71877;12365.09444;13051.32825;14141.15983;13334.92461;12176.31447;10981.85545;11435.2339;10071.4256;9000.606762;8915.202403;8317.309818;10215.64496;13638.24492;14246.13802;10928.08631;13272.51737;13407.71399;12568.44337;10129.48005;12164.69902;3654.984409;4652.471237;16902.5556;17506.54128;16565.65897;15606.94127;13599.82184;14239.41004;9201.237606;5225.670136;4670.459482;5968.767494;5123.629735;9255.967048;9040.15149;7007.678043;6633.762598;6570.339676;6379.674232;6645.598654;7059.359468;5222.462193;14320.64407;13099.75633;11273.38469;11315.54192;11402.69911;13073.99507;11881.08647;7668.444637;3368.04036;48069.75779;49423.84113;28468.80403;29328.65081;29900.30987;16943.16915;16277.36522;14355.59247;13747.17541;1131.674141;3704.055077;9040.71704;5424.010792;4366.574147;5133.694602;7037.802064;6642.490917;13288.78133;7188.34442;7521.449372;6357.842835;5217.917937;2738.257294;2554.101602;2202.485615;1667.360837;15723.83536;16590.93002;16572.83704;17427.92948;17452.9608;17159.97148;16608.54238;16814.39364;15313.53944;16790.54937;15710.95067;15113.91956;11145.36476;8881.826818;5439.070649;4621.26387;4481.014793;3762.91501;3239.253153;4074.635392;3439.362693;2831.318243;3265.749351;16606.67883;16259.75508;16259.75508;15776.66699;15514.64767;15608.2058;15275.66412;14992.48047;14758.52426;14498.79732;14062.71877;12025.30473;11416.6053;11034.75636;9984.797892;9984.797892;3179.502725;23158.57821;23158.57821;10561.09094;9743.801792;8396.355967;8312.937146;8086.653351;8010.664765;7442.677897;7319.562374;8344.118024;8188.240494;7051.159121;15836.69873;17429.79938;15831.412;12535.82647;10335.93452;5320.348419;3305.93624;4857.1813;2590.050992;898.9055347;765.9542872;8233.391957;3416.196556;11319.71301;6966.836442;5834.594603;5582.831939;4174.965562;7048.218147;7070.994428;6375.902435;6357.842835;4597.621405;5217.917937;3129.080773;3386.265454;4945.465079;10744.77737;8344.118024;7887.057205;7406.151765;6362.77077;47822.00568;32029.2871;29887.11783;19500.84205;18498.0731;16883.39804;13653.23483;8140.192887;7705.889723;5663.127269;5630.495023;6070.915714;6663.615653;30658.96637;8077.728712;3305.93624;13211.13464;9183.361701;6245.475317;6500.53461;10330.219;9278.368973;12652.97699;8816.871061;9254.35533;7113.347829;6977.870489;16418.5089;16116.33059;11947.95409;12232.21421
8158.214282;9571.396886;9657.284841;9357.612544;8349.549984;7245.886557;6256.690582;6161.321974;4883.183672;5314.552309;0;6245.966075;10707.25307;31305.32184;7085.9802;7802.723756;8858.523863;8120.870703;7027.149078;5956.043005;6547.457066;5011.669241;3970.004366;3883.81143;3461.97491;10657.53435;13150.6609;14109.69502;10608.72486;12943.59488;11954.92873;11505.56558;8682.297204;10565.55101;3244.196514;1611.707562;12899.07435;14372.43176;13649.84261;12672.89102;11423.24901;11369.7877;6870.761204;4704.360028;5386.29127;4639.841893;3581.490001;7044.976349;6358.497574;3944.756757;3738.295601;2476.800262;2256.447993;2220.455119;2280.736347;1402.865645;9207.214768;8150.376497;6902.467542;6884.89444;6989.298675;8686.476952;7423.519271;3086.936238;8659.691873;43772.34857;45214.1952;24153.75853;24919.37804;25520.21593;13381.94592;11720.86316;11012.34946;10750.66652;6393.046422;4296.341182;5768.022883;9928.466314;6478.178017;8857.484685;10345.28032;9177.375582;11887.77404;8123.150614;8312.874909;7767.694777;3945.561555;5724.396794;5646.559038;4038.725763;3796.444778;10539.82411;11798.83892;11789.14765;12660.73325;12688.93078;12446.73282;12127.08619;12336.08956;10614.58825;12327.20075;11235.86025;10818.50687;6970.625427;14058.22695;5282.569404;9795.409221;9790.578254;9066.797397;8533.971485;9363.819576;7090.854468;8142.283245;8481.974702;12798.15976;12250.24468;12250.24468;11940.28773;11865.94967;11980.35571;11682.83015;11415.32918;11200.46947;10919.58047;10116.28649;8485.572788;7614.076761;7999.481026;6557.38517;6557.38517;8267.23421;18908.78372;18908.78372;5299.84415;4429.292745;3159.456963;3129.496326;2890.415635;2861.088867;2218.057767;2011.336347;3029.682985;10409.97249;1743.458899;10643.15213;12401.96522;11151.88125;8506.391348;6634.62733;4946.435574;8576.492951;4274.656388;3001.508298;6071.613821;5003.25387;4863.258942;7830.525523;8854.144157;3435.811068;2449.11792;1312.156229;5313.94119;8389.610364;9135.623481;7891.011063;7767.694777;6669.617941;3945.561555;4740.851459;2998.445181;10133.24263;5698.082873;3029.682985;4695.432196;2098.436523;1539.5305;43538.82244;27835.70454;25553.80703;16057.35611;15068.43073;13513.80323;10414.16215;5692.898502;6973.871133;5419.082015;4871.244848;3928.96313;4325.604318;26272.74733;5143.911821;8576.492951;11111.74549;13871.03494;8984.144886;8477.292846;5621.471147;9651.937238;11656.28371;8259.448874;6134.087575;4129.185962;1760.042877;11449.26554;11163.19317;7507.704809;7616.889464
7328.932345;5444.593158;5636.218606;5428.247817;6317.302292;5119.264716;4321.609441;6638.671097;5390.761964;5514.634506;6245.966075;0;6609.200366;37330.91061;12205.95963;13012.26992;13821.5233;13431.74303;12577.74271;11779.48966;12483.39372;10859.15823;9936.57862;9856.986552;9596.280385;4862.297249;8136.496992;8804.847432;5420.09364;7786.030939;7974.875024;7079.939121;4848.954594;16292.16827;3189.562116;4634.7684;19104.94879;20596.61641;19838.87425;18858.48763;17392.77687;17531.44855;12769.28495;9458.826534;9426.658058;9874.302348;8743.780377;4573.775133;4808.661722;4167.566857;3917.361883;5159.429545;5156.726972;5539.868176;6118.74775;4977.100097;14706.61919;13948.53784;13092.92741;13058.94316;13166.28232;14838.71601;13576.885;9320.986798;6990.484324;49742.56349;51229.22734;30180.97169;30889.75918;31504.47294;19627.81197;17739.61242;17244.26608;16931.23547;6288.322983;8175.258235;11918.70669;5860.304767;1595.701855;4133.17769;4775.181733;3257.614922;7846.971777;1947.716654;2210.162836;1540.511016;9023.27546;2927.368022;3088.842937;3670.207438;4623.491636;15808.86155;17640.58412;17638.90011;18505.60589;18536.06664;18342.59029;18180.27942;18387.63807;16562.78572;18386.53094;17306.87165;16968.87042;13198.24319;10700.66269;1108.517307;7210.089462;8002.387444;7387.095124;6931.640911;8256.363948;8950.337532;6858.556085;7936.395925;19032.37962;18459.20978;18459.20978;18174.9084;18111.39736;18226.06956;17928.77854;17661.04876;17445.66565;17164.95056;16347.82671;14721.64066;13859.80505;14149.80899;12758.31374;12758.31374;8134.8071;19093.14538;19093.14538;9598.850809;9437.300976;7807.907039;7579.35558;7461.699383;7287.599121;7124.073635;7416.050822;8339.150033;4228.858361;7478.24342;15879.71327;17934.57056;17101.73416;14738.64719;12871.29426;1425.891066;7770.912043;1995.120508;4369.678429;5343.934934;4757.837026;4994.103576;4565.802847;6469.389916;4650.527623;4408.003594;5285.185427;1372.376184;2144.284535;2987.151577;1679.547623;1540.511016;1519.978978;9023.27546;2460.396487;3586.043117;9389.759374;9046.564316;8339.150033;4631.242546;7471.388499;7783.338379;49517.6518;33904.0209;31564.02325;22303.29167;21313.89781;19755.31674;16630.79547;11575.0934;2410.944635;1116.195195;1714.755934;3117.408771;3343.424623;32249.40722;11171.36915;7770.912043;17048.71588;9358.745655;3247.84493;2367.503003;11722.48177;3868.954508;7155.372904;3341.227378;5366.049645;4114.458643;7763.349942;17099.69628;16844.29041;13665.19423;13697.66787
13918.05625;11242.38089;11460.38806;11349.78662;12799.67558;11672.42111;10927.95177;13195.47531;11849.09763;12034.95119;10707.25307;6609.200366;0;38896.57453;13615.44517;14374.56198;14700.82627;14858.65805;14508.21267;14287.56587;15088.61468;13576.92159;13037.57055;12985.61065;13091.73733;3764.720923;2863.860867;4059.50806;2212.643585;2924.447553;1372.763538;907.3846784;2043.120754;21251.57111;8893.27385;9404.561658;22007.98567;24300.31316;23772.36022;22831.87981;21978.32743;21635.46621;17534.88414;15064.54388;15344.41275;15226.04288;14093.22402;3739.668318;4587.261286;6799.904088;6971.186456;8395.727964;8573.375308;8781.870655;9126.703955;9341.652386;16220.4452;16082.83316;16320.94341;16221.96605;16330.44904;17755.52456;16611.5914;13197.74459;13494.29906;50946.23297;52570.34333;31911.86165;32419.1069;33060.41336;22983.055;20001.72931;20985.51114;20978.73536;12880.44641;14066.45134;16242.18055;11608.30485;8093.547116;9849.664949;9270.284534;7811.806664;1257.93232;5546.886502;5220.497801;6446.164655;14435.31089;9536.175616;9695.481004;9972.573387;10862.49398;16812.55179;19473.72877;19489.94959;20275.72236;20308.95178;20243.4007;20512.2255;20700.65345;18735.16937;20723.60988;19754.88505;19718.67402;16623.33901;16224.51574;6619.849547;13467.93546;14420.452;13865.74609;13449.67296;14786.85445;15425.34572;13422.12721;14531.19342;22169.60403;21414.1757;21414.1757;21355.47664;21495.28258;21621.44006;21383.59211;21153.61845;20974.86816;20698.43503;19590.72264;18528.74328;17543.30315;18391.19191;16877.01162;16877.01162;14742.73678;14097.24129;14097.24129;10873.13211;11492.21003;10237.32585;9970.863658;10021.45531;9837.230888;10147.70768;10674.77236;11109.79872;7216.860542;10993.47831;16824.80046;19133.13981;19232.16106;18087.96112;16771.64233;6793.171622;14350.90508;7395.113988;10303.2512;11943.5455;11269.0462;6217.92359;10934.46165;2780.468212;7389.588602;8259.113651;9398.668766;7875.903483;6047.686796;7014.322271;6540.075955;6446.164655;7935.034446;14435.31089;8906.195642;9313.750406;15931.20467;9643.913804;11109.79872;6217.078337;10677.28427;11956.86455;50752.18394;35692.06954;33201.84295;25611.18393;24693.13988;23291.25264;20508.87979;16377.68511;4334.102089;6394.777738;6565.050678;6879.267521;6400.770879;33762.55176;15773.74898;14350.90508;21697.07988;14092.52951;8175.002473;7024.877995;14808.31245;3872.239227;1098.669853;3276.285659;5141.49363;6614.304739;11456.26854;18594.88764;18422.86004;16706.44112;16492.00564
37708.16003;40603.33257;40643.62484;40342.48641;38639.61165;37898.95186;37118.17153;35723.55355;35203.30643;35562.71877;31305.32184;37330.91061;38896.57453;0;25480.78449;24679.22489;24213.74594;24208.93177;24851.85613;25553.14303;24850.38396;26471.94966;27416.67198;27498.78188;27844.61357;40804.09031;41754.75556;42955.99569;40064.41085;41806.34773;39493.92015;39791.90395;37502.23526;25187.73757;34545.63185;32842.3729;18662.32108;18837.14605;19962.99891;20740.54637;23376.88119;21983.32683;26711.02924;30665.08984;31641.26142;29806.57689;30471.42566;35690.45995;34786.8957;33580.31454;33687.9936;32239.71566;32208.09751;31835.02321;31271.07999;32406.84651;22853.19523;23402.94638;24453.89364;24449.97613;24349.98019;22643.65449;23898.0152;28276.21201;38628.04589;12507.04148;13908.90115;7153.424871;6490.10314;5856.143283;18840.69207;19601.69991;21444.10151;22283.90289;36246.98744;32088.31166;26537.67352;40905.17901;37778.60353;40092.69957;41649.80499;40444.63171;39534.72293;39002.49531;39095.64803;38867.90453;30435.12384;36937.90847;36831.75365;35182.93638;34621.4939;22095.96063;19730.93634;19727.83989;18874.28241;18842.59605;19005.96998;19180.36199;18971.54688;20768.22878;18978.92667;20069.60372;20529.20647;24488.8548;44111.09255;36252.01463;40048.31753;39491.0041;38911.60811;38498.60735;38659.60499;34659.93641;38028.24457;37661.02624;19006.83871;19303.39024;19303.39024;19813.16695;20147.73118;20068.91959;20409.11196;20690.18658;20925.48853;21164.36739;21500.00986;23577.06204;24146.1548;24711.6875;25593.49532;25593.49532;37182.18283;33971.47756;33971.47756;28277.60778;28053.15559;29637.23623;29889.96266;29964.3622;30150.49226;30224.35973;29914.88819;29011.88033;41559.25184;29871.05278;22077.33552;19784.16966;20229.45451;23040.51124;25226.80685;35917.71941;37932.56797;35349.88281;34092.01494;36461.48221;35655.01621;33408.96768;38794.89285;36121.4096;32963.98115;32933.88272;32069.39662;36588.47391;39400.70583;40311.73844;39010.28085;38867.90453;37963.36546;30435.12384;36036.63809;34298.55198;38793.30299;29347.99289;29011.88033;33614.04313;29859.72429;29809.29639;12260.595;3561.358411;5768.392544;16613.12904;17539.30272;19083.69995;22171.22741;27582.86083;37127.76788;36319.73926;35701.70353;34367.01598;34389.41257;5137.048801;27517.90309;37932.56797;23768.19607;44744.94025;40277.79096;39671.39135;25685.48021;39938.17037;39986.65404;38147.04441;34074.98364;33712.40473;29632.54493;20424.70453;20639.59928;23817.57643;23690.25863
15162.75334;16515.08346;16622.16309;16328.2753;15434.71645;14324.33958;13317.23133;13099.81424;11934.92801;12365.09444;7085.9802;12205.95963;13615.44517;25480.78449;0;812.776797;1776.086155;1271.923347;1257.263505;2255.539813;2682.958356;2705.82853;3618.193884;3689.124051;4408.952528;15325.30883;16472.97183;17647.90465;14607.62612;16469.38474;14405.74934;14522.52834;12069.22384;11332.67188;9947.466858;8237.782825;8705.82088;11617.01576;11437.94798;10663.56369;11049.37724;9854.852635;8401.02967;9681.770512;10807.63481;8988.47609;8686.263741;10231.47401;9322.216257;8199.184738;8359.813214;7056.781742;7087.361508;6700.698869;6118.993118;7682.329995;2632.095079;2679.205517;4440.65649;4266.01796;4328.428484;4922.205931;4271.171423;5187.898222;15728.08834;37751.29244;39300.79077;18402.30679;18991.91592;19624.66235;10014.56086;6436.944886;8725.990503;9217.881518;13403.83283;10282.21966;6714.845584;16893.20341;12997.37102;15636.58133;16858.04632;15447.52002;14417.8071;13693.97877;13746.1871;13697.52169;8934.026635;12624.46073;12578.24989;11052.45702;10882.42409;3604.288877;5861.63276;5876.580164;6677.235717;6710.234084;6629.442976;6958.738014;7136.850623;5173.14152;7167.047041;6276.589472;6446.85589;4979.75586;21142.36461;11097.95987;16881.35596;16845.21845;16127.83202;15600.73113;16354.77825;13463.1703;15195.69192;15426.05846;9049.359648;8187.345189;8187.345189;8341.080481;8690.03468;8816.409028;8676.24604;8521.904793;8414.808699;8182.979346;6854.691859;6915.424157;6022.865165;7688.101626;6542.412497;6542.412497;15144.71897;15375.6406;15375.6406;2798.244295;2801.380651;4421.621916;4634.495922;4774.298612;4936.614925;5237.528954;5158.465198;4109.062685;16361.92672;5345.482278;3680.2592;5773.054207;5645.784857;5808.504812;6016.702172;10783.81296;15557.76484;10327.4018;10066.82947;13150.15355;12088.81103;7931.060407;14836.60684;10903.01062;7618.393402;7858.504187;7291.721742;11755.54896;14150.35857;15172.38055;13851.79478;13697.52169;13135.72713;8934.026635;11514.68376;9847.084833;17026.22907;3975.940016;4109.062685;8148.255296;5078.052973;6076.641533;37538.70777;22179.31194;19732.72847;12451.113;11639.43233;10493.58704;8548.949096;7937.302032;11684.34941;11122.56754;10503.43912;9110.626148;9033.331513;20349.36331;7203.220421;15557.76484;10958.71343;20824.30594;15372.10787;14571.61371;3539.568097;14472.6786;14714.04704;12669.37668;8625.12535;8313.390828;5387.637746;5056.279581;4850.750201;4343.23394;3807.747141
15827.46927;17276.67441;17380.48393;17085.39495;16141.77545;15048.27909;14050.36144;13752.53148;12622.55948;13051.32825;7802.723756;13012.26992;14374.56198;24679.22489;812.776797;0;1188.681507;484.8645591;1216.562681;2510.288001;2704.625987;3170.361502;4171.465722;4249.107848;4947.998097;16130.18244;17235.14222;18414.64477;15399.12297;17239.48449;15139.67713;15280.98858;12854.03617;11291.0912;10718.36733;9000.427461;8112.438297;11145.42864;11034.8884;10301.98797;10879.11556;9577.120608;8559.345377;10146.83248;11289.50952;9416.545926;9196.065787;11022.47658;10114.87995;9011.870538;9171.398443;7859.607866;7885.927734;7499.195818;6917.103483;8451.6573;1847.212442;2201.202938;4388.903092;4211.568547;4255.689933;4563.995937;4109.018135;5715.989984;16418.35871;36941.55646;38493.40547;17608.44412;18189.70129;18823.31064;9498.210401;5749.562314;8384.491924;8958.583279;14074.25429;10832.73017;6916.557401;17651.74424;13788.12968;16415.40499;17654.5059;16251.17083;15155.43822;14506.33513;14558.93992;14506.4222;9424.262319;13387.03444;13336.89263;11795.64372;11595.8865;2805.206351;5101.193122;5118.804741;5902.687595;5935.85405;5872.589151;6275.551219;6446.189266;4497.806481;6480.802806;5639.591374;5892.552296;4937.540148;21859.5557;11904.5935;17593.23078;17526.81782;16813.45755;16290.12276;17013.10986;14020.94935;15878.55633;16073.30972;8505.388232;7622.775183;7622.775183;7834.64746;8230.419868;8354.759326;8239.713953;8105.498556;8016.6376;7799.820932;6452.201937;6761.482304;5934.062112;7659.271623;6634.757307;6634.757307;15777.18144;15546.41782;15546.41782;3598.788168;3592.143036;5218.875395;5436.539685;5570.613121;5735.908891;6015.401005;5909.219759;4864.438641;17172.52522;6070.960581;2887.830614;4960.472178;4946.38828;5561.552839;6073.697361;11589.26069;16214.72902;11126.581;10795.74872;13850.16308;12798.8192;8737.341221;15585.83336;11647.95692;8430.206115;8655.887118;8063.2856;12546.76533;14961.67982;15980.94557;14660.37481;14506.4222;13929.13771;9424.262319;12286.46313;10606.90732;17657.22122;4730.935035;4864.438641;8957.771317;5830.83847;6721.166986;36729.43426;21386.83381;18934.45021;11869.75193;11088.42;10010.54637;8270.570249;8202.208668;12495.41753;11930.98769;11311.4636;9920.021246;9845.776282;19546.48807;7496.489446;16214.72902;10817.63611;21586.96603;16171.96077;15378.54142;3749.923715;15281.12712;15473.18868;13475.04435;9412.58563;9126.166045;6078.960088;4257.706893;4061.478471;4168.235336;3576.125602
